399 589 158 185 320 450 375 289 530 766 540 706 271 244 465 793 978 206 172 919 463 273 
179 483 987 304 695 449 654 138 285 840 659 197 976 214 952 909 522 105 634 601 877 725 
463 871 194 857 489 475 680 955 730 590 731 907 829 209 769 711 132 487 536 281 779 916 
969 655 778 431 535 522 814 456 991 649 129 286 376 738 372 550 940 943 131 572 569 379 
642 829 173 117 235 822 845 111 632 952 228 142 340 644 579 434 946 579 646 334 292 633 
116 645 222 776 168 904 815 478 275 959 926 699 682 136 165 857 244 932 896 780 737 943 
820 630 573 145 374 412 757 479 271 866 233 146 481 900 932 617 450 455 299 569 816 337 
857 814 425 701 974 557 485 613 338 816 153 496 473 675 798 168 110 394 150 822 906 686 
880 349 521 593 144 622 458 515 183 328 969 448 904 548 845 246 514 795 416 398 161 675 
789 604 393 834 403 488 774 128 444 227 910 540 542 566 903 479 565 638 164 540 957 888 
983 592 214 358 379 622 308 904 422 545 625 327 746 794 712 487 366 933 580 719 524 211 
548 921 296 344 380 985 313 462 409 468 761 272 196 733 367 990 943 271 451 879 440 243 
523 781 285 569 369 956 294 494 155 879 882 735 164 316 685 112 481 668 563 655 720 434 
196 395 893 956 599 310 318 219 540 970 161 956 659 933 720 268 656 380 962 819 354 548 
140 351 989 807 221 900 239 326 699 325 167 189 156 842 791 592 583 470 692 179 483 901 
800 687 739 198 898 146 807 976 438 865 399 585 150 736 210 192 994 174 904 211 394 228 
127 148 683 658 656 125 862 453 638 754 575 565 250 658 109 573 345 295 695 870 138 957 
833 425 310 797 800 134 438 616 600 281 155 201 722 649 992 314 379 281 767 755 840 464 
924 399 954 343 354 275 724 977 768 178 679 652 540 658 552 631 558 888 179 373 704 722 
199 367 995 274 924 562 395 120 159 811 650 192 122 359 175 758 532 199 349 313 813 974 
483 494 894 466 956 694 457 720 112 221 438 361 763 249 747 549 644 647 746 554 725 828 
596 187 887 427 235 945 830 789 169 276 712 311 176 312 766 833 871 981 574 217 103 532 
344 111 803 305 376 639 233 771 678 448 744 125 605 248 880 540 